
Type = NonLTM
SplitChart = 1
Cluster_Count = 1

[Cluster_1]

[Sequences]

seq=0 100 200  1 101 201  2 102 202 |3 103 203  4 104 204  5 105 205  6 106 206  7 107 207 |8 108 208  9 109 209  10 110 210  11 111 211  12 112 212 
seq=0 100 200  1 101 201  2 102 202  3 103 203 |4 104 204  5 105 205  6 106 206  7 107 207 |8 108 208  9 109 209  10 110 210  11 111 211  12 112 212 
seq=0 100 200  1 101 201  2 102 202  3 103 203  4 104 204 |5 105 205  6 106 206  7 107 207 |8 108 208  9 109 209  10 110 210  11 111 211  12 112 212 
seq=0 100 200  1 101 201  2 102 202  3 103 203  4 104 204  5 105 205 |6 106 206  7 107 207 |8 108 208  9 109 209  10 110 210  11 111 211  12 112 212 
seq=0 100 200  1 101 201  2 102 202  3 103 203  4 104 204  5 105 205  6 106 206 |7 107 207 |8 108 208  9 109 209  10 110 210  11 111 211  12 112 212 
seq=0 100 200  1 101 201  2 102 202  3 103 203  4 104 204  5 105 205  6 106 206  7 107 207 ||8 108 208  9 109 209  10 110 210  11 111 211  12 112 212 

[Sequence_1]
label=9

[Sequence_2]
label=12

[Sequence_3]
label=15

[Sequence_4]
label=18

[Sequence_5]
label=21

[Sequence_6]
label=24
