
Type = NonLTM
NoSeq = 1
Cluster_Count = 1

[Cluster_1]

[Sequences]

seq=0 100  1 101  2 102  3 103 |4 104  5 105 |6 106  7 107  8 108 
seq=0 100 200  1 101 201  2 102 202  3 103 203 |4 104 204  5 105 205 |6 106 206  7 107 207  8 108 208 
seq=0 100 200 300  1 101 201 301  2 102 202 302  3 103 203 303 |4 104 204 304  5 105 205 305 |6 106 206 306  7 107 207 307  8 108 208 308 
seq=0 100 200 300 400  1 101 201 301 401  2 102 202 302 402  3 103 203 303 403 |4 104 204 304 404  5 105 205 305 405 |6 106 206 306 406  7 107 207 307 407  8 108 208 308 408 
seq=0 100 200 300 400 500  1 101 201 301 401 501  2 102 202 302 402 502  3 103 203 303 403 503 |4 104 204 304 404 504  5 105 205 305 405 505 |6 106 206 306 406 506  7 107 207 307 407 507  8 108 208 308 408 508 
seq=0 100 200 300 400 500 600  1 101 201 301 401 501 601  2 102 202 302 402 502 602  3 103 203 303 403 503 603 |4 104 204 304 404 504 604  5 105 205 305 405 505 605 |6 106 206 306 406 506 606  7 107 207 307 407 507 607  8 108 208 308 408 508 608 

[Sequence_1]
label=2

[Sequence_2]
label=3

[Sequence_3]
label=4

[Sequence_4]
label=5

[Sequence_5]
label=6

[Sequence_6]
label=7

[Sequence_7]
label=8

[Sequence_8]
label=9

[Sequence_9]
label=10
