1, 2, 3, 1, 2, 3, 4, 1, 2, 3, 4, 5
	Steps: 716
	Date: Fri Apr 21 13:14:52 2006
1, 1, 1, 1, 2, 2, 2, 2, 3, 3, 3, 3
	Steps: 2149
	Date: Fri Apr 21 13:17:04 2006
1, 1, 1, 1, 2, 2, 2, 2, 3, 3, 3, 3
	Steps: 842
	Date: Fri Apr 21 13:17:35 2006
3, 4, 5, 2, 3, 4, 5, 6, 1, 2, 3, 4, 5, 6, 7
	Steps: 565
	Date: Fri Apr 21 13:20:51 2006
2, 2, 2, 3, 3, 3, 4, 4, 4
	Steps: 1329
	Date: Fri Apr 21 13:47:38 2006
1, 2, 3, 1, 2, 3, 4, 1, 2, 3, 4, 5
	Steps: 4239
	Date: Fri Apr 21 13:50:44 2006
3, 4, 5, 6, 4, 5, 6, 7, 5, 6, 7, 8
	Steps: 1221
	Date: Fri Apr 21 17:57:22 2006
1, 1, 1, 1, 1, 2, 2, 2, 2, 2, 2, 3, 3, 3, 3, 3, 3, 3
	Steps: 563
	Date: Fri Apr 21 17:59:55 2006
5, 4, 3, 2, 6, 5, 4, 3, 7, 6, 5, 4
	Steps: 574
	Date: Fri Apr 21 18:05:38 2006
1, 2, 3, 4, 5, 6, 7, 8, 2, 3, 4, 5, 6, 7, 3, 4, 5, 6
	Steps: 438
	Date: Fri Apr 21 18:07:33 2006
1, 1, 2, 2, 3, 3
	Steps: 205
	Date: Fri Apr 21 18:09:12 2006
1, 1, 2, 2, 2, 3, 3, 3, 3
	Steps: 487
	Date: Fri Apr 21 18:11:00 2006
