[General]
ClusterCount = 1
 TestSet=performance/TestSets/input_size2

[Sequences]
seq=1 51 101 151 2 52 102 152|3 53 103 153 4 54 104 154 5 55 105 155 6 56 106 156 7 57 107 157 8 58 108 158
seq=1 51 101 151 2 52 102 152 3 53 103 153|4 54 104 154 5 55 105 155 6 56 106 156 7 57 107 157 8 58 108 158
seq=1 51 101 151 2 52 102 152 3 53 103 153 4 54 104 154|5 55 105 155 6 56 106 156 7 57 107 157 8 58 108 158
seq=1 51 101 151 2 52 102 152 3 53 103 153 4 54 104 154 5 55 105 155|6 56 106 156 7 57 107 157 8 58 108 158
seq=1 51 101 151 2 52 102 152 3 53 103 153 4 54 104 154 5 55 105 155 6 56 106 156|7 57 107 157 8 58 108 158
seq=1 51 101 151 2 52 102 152 3 53 103 153 4 54 104 154 5 55 105 155 6 56 106 156 7 57 107 157|8 58 108 158

[Sequence_6]
ShowInstead = (1 51 101 151) (2 52 102 152) ... (6 56 106 156) (7 57 107 157)|(8 58 108 158)
