[General]
ClusterCount = 2
 TestSet=performance/TestSets/interlacing_size

[Sequences]
seq=1 2 3|4 5 6 7 8 9 10
seq=1 51 2 52 3 53|4 54 5 55 6 56 7 57 8 58 9 59 10 60
seq=1 51 101 2 52 102 3 53 103|4 54 104 5 55 105 6 56 106 7 57 107 8 58 108 9 59 109 10 60 110
seq=1 51 101 151 2 52 102 152 3 53 103 153|4 54 104 154 5 55 105 155 6 56 106 156 7 57 107 157 8 58 108 158 9 59 109 159 10 60 110 160
seq=1 51 101 151 201 2 52 102 152 202 3 53 103 153 203|4 54 104 154 204 5 55 105 155 205 6 56 106 156 206 7 57 107 157 207 8 58 108 158 208 9 59 109 159 209 10 60 110 160 210
seq=1 51 101 151 201 251 2 52 102 152 202 252 3 53 103 153 203 253|4 54 104 154 204 254 5 55 105 155 205 255 6 56 106 156 206 256 7 57 107 157 207 257 8 58 108 158 208 258 9 59 109 159 209 259 10 60 110 160 210 260
seq=1 51 101 151 201 251 301 2 52 102 152 202 252 302 3 53 103 153 203 253 303|4 54 104 154 204 254 304 5 55 105 155 205 255 305 6 56 106 156 206 256 306 7 57 107 157 207 257 307 8 58 108 158 208 258 308 9 59 109 159 209 259 309 10 60 110 160 210 260 310
seq=1 51 101 151 201 251 301 351 2 52 102 152 202 252 302 352 3 53 103 153 203 253 303 353|4 54 104 154 204 254 304 354 5 55 105 155 205 255 305 355 6 56 106 156 206 256 306 356 7 57 107 157 207 257 307 357 8 58 108 158 208 258 308 358 9 59 109 159 209 259 309 359 10 60 110 160 210 260 310 360
seq=1 51 101 151 201 251 301 351 401 2 52 102 152 202 252 302 352 402 3 53 103 153 203 253 303 353 403|4 54 104 154 204 254 304 354 404 5 55 105 155 205 255 305 355 405 6 56 106 156 206 256 306 356 406 7 57 107 157 207 257 307 357 407 8 58 108 158 208 258 308 358 408 9 59 109 159 209 259 309 359 409 10 60 110 160 210 260 310 360 410
seq=1 51 101 151 201 251 301 351 401 451 2 52 102 152 202 252 302 352 402 452 3 53 103 153 203 253 303 353 403 453|4 54 104 154 204 254 304 354 404 454 5 55 105 155 205 255 305 355 405 455 6 56 106 156 206 256 306 356 406 456 7 57 107 157 207 257 307 357 407 457 8 58 108 158 208 258 308 358 408 458 9 59 109 159 209 259 309 359 409 459 10 60 110 160 210 260 310 360 410 460
[cluster_2]
Human = 1
